Time (min) = [0.0, 2.0123126042228416, 7.650687226230528, 15.79837462200768, 24.84162537799229, 32.98931277376944, 38.62768739577713, 40.63999999999997, 40.63999999999997, 40.172658410115496, 38.863196373907165, 36.970968907144, 34.87075486626539, 32.97852739950222, 31.669065363293885, 31.201723773409412]

Airspeed (m/s) = [44.238218767026225, 45.30533700934558, 48.278478499119565, 52.5306603190437, 57.18866186481104, 61.32941467882023, 64.16359564936032, 65.16886677916179, 64.83806034881071, 64.83806034881071, 64.83806034881071, 64.83806034881071, 64.83806034881071, 64.83806034881071, 64.83806034881071, 64.83806034881071]

Pitch Angle (ยบ) = [6.461906664048291, 6.158368606545789, 5.336450287116491, 4.405553993915066, 3.5605830183473635, 3.0429868829331412, 2.7555658069747344, 2.6545041303169974, 1.830090407296596, 1.8315087445837455, 1.8311175797340113, 1.8306511654652098, 1.8307945845809628, 1.8307887338984745, 1.83367223496511, 1.832928820629749]

Altitude (m) = [0.0, 120.73875625337058, 459.041233573832, 947.9024773204615, 1490.4975226795384, 1979.358766426168, 2317.661243746629, 2438.4, 2438.4, 2438.4, 2438.4, 2438.4, 2438.4, 2438.4, 2438.4, 2438.4]

Thrust (N) = [884.9168817501842, 888.2164061093341, 881.7991569876073, 873.6712800187661, 903.0012936219125, 895.8760121203893, 905.4609375363636, 907.9728140564057, 712.8622298457457, 706.7456267942575, 708.2313226902133, 709.3966367050231, 708.347063850171, 708.2423580009199, 702.3909804188908, 705.6536374153643]

Lift (N) = [11979.162126251103, 11982.774144257066, 11993.823427023533, 12005.686404977137, 12014.198915513098, 12019.952196750437, 12022.354956326823, 12023.247018663573, 12030.185844759533, 12030.363696276147, 12030.321045526594, 12030.289581429704, 12030.321338327569, 12030.324755749765, 12030.476363838821, 12030.381116023584]

Drag (N) = [597.7701385223529, 607.8919308981143, 618.9131952584149, 632.0234151384283, 680.7953274456863, 688.3617421504223, 706.8705095112925, 712.3632440550305, 712.4986178847829, 706.384575519367, 707.8696665533278, 709.034570188303, 707.985476586723, 707.8808264968006, 702.0313028729569, 705.2925848055759]

Throttle (-) = [7.359868374427971, 9.485530434589416, 10.202591246991922, 11.606335016306309, 12.75772092070483, 15.09733534925314, 16.031039364963423, 18.611105800536787, 13.319665349488263, 17.464420086371337, 17.179544701361223, 15.003613999074775, 15.979644414311592, 16.080731894732594, 47.211253647450256, 14.478450871884776]

CL (-) = [0.6752480990930342, 0.6515258153701174, 0.5933625298658911, 0.5261838188403638, 0.4687107308367042, 0.4281500544188048, 0.40481475438445924, 0.39728383576021553, 0.4015797190790229, 0.40158565594176143, 0.40158423221678785, 0.40158318191354625, 0.40158424199077924, 0.4015843560677739, 0.40158941689847083, 0.4015862374304743]

CD (-) = [0.03369544092297207, 0.03305221989226308, 0.030619085026587885, 0.027700248278698908, 0.026559912793291153, 0.0245194084416745, 0.02380162727925803, 0.02353859998164046, 0.023783921421214122, 0.02357982852961424, 0.023629402363960657, 0.02366828802046872, 0.023633268219507494, 0.023629774894112946, 0.02343451190450314, 0.02354337677984579]

AoA (ยบ) = [5.1666316339633145, 4.893607395864634, 4.149588582496243, 3.3147769070903705, 2.5586588984992344, 2.1087154742192236, 1.8625656768427965, 1.7752801837665948, 1.8300904072965964, 1.831508744583746, 1.8311175797340113, 1.8306511654652098, 1.8307945845809623, 1.8307887338984745, 1.8336722349651104, 1.832928820629749]

L/D (-) = [20.03974664218386, 19.712013822182872, 19.378845884867186, 18.995635473960412, 17.647299314743883, 17.461679609329323, 17.007860413696832, 16.87797218484053, 16.88450411380997, 17.03089805922059, 16.995107452623532, 16.967141077810552, 16.992327860067256, 16.994844761209446, 17.136666576840543, 17.057291364178926]

CD_parasite (-) = [0.01960241392740169, 0.019554913544845225, 0.019433210601306927, 0.01928333159724121, 0.01914709513578367, 0.019047016246799574, 0.01898860732162856, 0.018969714845558764, 0.01898594883828855, 0.01898594883828855, 0.01898594883828855, 0.01898594883828855, 0.01898594883828855, 0.01898594883828855, 0.01898594883828855, 0.01898594883828855]

CD_induced (-) = [0.012027270988106818, 0.011444162516982714, 0.009180439121409013, 0.006468713469884604, 0.0054869739626861175, 0.003586558382861302, 0.0029412602765242837, 0.0027022828479565664, 0.0029265600719241974, 0.002726469001822253, 0.002775070800155169, 0.0028131939928073765, 0.0027788608546276197, 0.00277543602581129, 0.002584001722284651, 0.002690731992345305]

CD_compressibility (-) = [1.2383671182248536e-13, 1.6814301627084462e-13, 3.8289853805152457e-13, 1.1799102085346697e-12, 3.749904045034543e-12, 1.0189543052349681e-11, 1.972064277837554e-11, 2.473309047184211e-11, 2.3303968289093103e-11, 2.320995162457153e-11, 2.325587759548131e-11, 2.3258632145430563e-11, 2.3241109721668322e-11, 2.3239255877380655e-11, 2.3226867530305783e-11, 2.310998985032116e-11]

CD_miscellaneous (-) = [0.001405061087281443, 0.001405061087281443, 0.001405061087281443, 0.001405061087281443, 0.001405061087281443, 0.001405061087281443, 0.001405061087281443, 0.001405061087281443, 0.001405061087281443, 0.001405061087281443, 0.001405061087281443, 0.001405061087281443, 0.001405061087281443, 0.001405061087281443, 0.001405061087281443, 0.001405061087281443]

CD_total (-) = [0.03369544092297207, 0.03305221989226308, 0.030619085026587885, 0.027700248278698908, 0.026559912793291153, 0.0245194084416745, 0.02380162727925803, 0.02353859998164046, 0.023783921421214122, 0.02357982852961424, 0.023629402363960657, 0.02366828802046872, 0.023633268219507494, 0.023629774894112946, 0.02343451190450314, 0.02354337677984579]

Mass (kg) = [1230.0, 1230.0, 1230.0, 1230.0, 1230.0, 1230.0, 1230.0, 1230.0, 1230.0, 1230.0, 1230.0, 1230.0, 1230.0, 1230.0, 1230.0, 1230.0]

Vehicle Mass Rate (kg) = [0.0, 0.0, 0.0, 0.0, 0.0, 0.0, 0.0, 0.0, 0.0, 0.0, 0.0, 0.0, 0.0, 0.0, 0.0, 0.0]

SFC (lb/lbf-hr) = [0.0, 0.0, 0.0, 0.0, 0.0, 0.0, 0.0, 0.0, 0.0, 0.0, 0.0, 0.0, 0.0, 0.0, 0.0, 0.0]

Velocity (m/s) = [44.238218767026225, 45.30533700934558, 48.278478499119565, 52.5306603190437, 57.18866186481104, 61.32941467882023, 64.16359564936032, 65.16886677916179, 64.83806034881071, 64.83806034881071, 64.83806034881071, 64.83806034881071, 64.83806034881071, 64.83806034881071, 64.83806034881071, 64.83806034881071]

EAS (m/s) = [44.23821877065123, 45.043172195836625, 47.22096547609509, 50.16962433422018, 53.17543564572799, 55.65055043306791, 57.23776963644101, 57.77986636092474, 57.486567546909896, 57.486567546909896, 57.486567546909896, 57.486567546909896, 57.486567546909896, 57.486567546909896, 57.486567546909896, 57.486567546909896]

Rho (kg/m3) = [1.2250000002007604, 1.2108637977096728, 1.1719218831253155, 1.117357290165016, 1.0591033270739958, 1.0086427645939293, 0.9748192729944062, 0.9629612616509505, 0.9629612616509505, 0.9629612616509505, 0.9629612616509505, 0.9629612616509505, 0.9629612616509505, 0.9629612616509505, 0.9629612616509505, 0.9629612616509505]

Mach (-) = [0.13, 0.13331754292526896, 0.14261309163773242, 0.15604554871246348, 0.17095445128753653, 0.18438690836226757, 0.19368245707473106, 0.197, 0.196, 0.196, 0.196, 0.196, 0.196, 0.196, 0.196, 0.196]

Power (W) = [20603.761371315435, 21179.44400842797, 22406.274547983136, 24155.01539008943, 27179.7029707529, 28917.658656915337, 30577.699722302073, 31142.92597807502, 24326.633831119074, 24117.902948075855, 24168.602758687415, 24208.369443117706, 24172.552459905404, 24168.979341919814, 23969.299356242296, 24080.63848847115]

Torque (N-m) = [15.46894048378338, 12.882426358509695, 12.610415940332054, 11.968702034710793, 12.168231317889214, 10.955104225638264, 10.908197655673757, 9.649977107952447, 10.452667444123911, 8.17984084360102, 8.220728071909233, 9.384006196741256, 8.855323644844184, 8.804042001212853, 3.0493755444244566, 10.101654097509055]

RPM (rpm) = [1728.1732457494536, 1655.1091771323481, 1663.0340298957958, 1660.4910651337314, 1671.9201567656778, 1669.6202113778763, 1669.7886867146885, 1655.8932447419188, 1668.5259030521443, 1612.173960831815, 1634.1841468200146, 1641.9228702650196, 1631.256833649146, 1630.203328463279, 1589.901706918441, 1572.2615357115997]

Tip Mach (-) = [0.4733164760102861, 0.45392406423764026, 0.4578524903305384, 0.45972031157664517, 0.4658055265378518, 0.46784024747013514, 0.46976616298757573, 0.4665272499980805, 0.4700863437744147, 0.4542098875357166, 0.46041098266888836, 0.4625912713914603, 0.4595862487267547, 0.45928943679230055, 0.4479349580362096, 0.4429650600136438]

Propeller Cp (-) = [0.005352199368575466, 0.004916221454641433, 0.004925052145655731, 0.0049177252321480095, 0.005202839334377718, 0.0049320345135525755, 0.00508028668764811, 0.00462631452359546, 0.004935541044629871, 0.004137086391536411, 0.004046521363227313, 0.004575687144716801, 0.004374549059831381, 0.004354838921426397, 0.001585783529657449, 0.005371758189790095]

Propeller Ct (-) = [0.005892699370631748, 0.005061754485573643, 0.0047813523768843085, 0.004381071086788661, 0.004286850824738385, 0.0037841412407431476, 0.0037260905007510487, 0.0033129865886813038, 0.0035795634425981383, 0.002899137645077335, 0.0028743865601293943, 0.0032656633908317574, 0.0031018299023811043, 0.0030858599658769694, 0.0010959141170653866, 0.0036711623213678437]

