Sampling = 
[[3.25594500e+02 1.25996125e+00 1.37542500e+01 ... 8.28200000e-02
  7.36875000e-02 4.32375000e+00]
 [3.39118500e+02 1.24547125e+00 3.46725000e+00 ... 1.83660000e-01
  1.69587500e-01 1.88122500e+01]
 [3.36220500e+02 1.00400125e+00 3.10545000e+00 ... 7.97620000e-01
  3.24875000e-02 2.25382500e+01]
 ...
 [3.44349500e+02 1.15045375e+00 3.19950000e-01 ... 5.46820000e-01
  1.52787500e-01 2.00977500e+01]
 [3.35582500e+02 1.06767625e+00 7.59285000e+00 ... 5.54900000e-01
  4.08562500e-01 1.83622500e+01]
 [3.28745500e+02 1.29920125e+00 5.64615000e+00 ... 1.93740000e-01
  2.42012500e-01 2.38357500e+01]]

CL = 
[[1.65026]
 [0.     ]
 [0.     ]
 ...
 [0.     ]
 [0.     ]
 [0.     ]]

CDi = 
[[0.095414]
 [0.      ]
 [0.      ]
 ...
 [0.      ]
 [0.      ]
 [0.      ]]

